0 0.5375 0.865278 0.527344 0.861111 0.539844 0.816667 0.536719 0.780556 0.515625 0.740278 0.4875 0.7125 0.469531 0.680556 0.453906 0.605556 0.460156 0.513889 0.453906 0.444444 0.488281 0.352778 0.492969 0.25 0.515625 0.2375 0.524219 0.25 0.530469 0.344444 0.539844 0.375 0.553906 0.394444 0.563281 0.430556 0.566406 0.511111 0.560156 0.575 0.592187 0.623611 0.614062 0.631944 0.651563 0.698611 0.696094 0.741667 0.691406 0.775 0.682813 0.793056 0.65625 0.781944 0.632812 0.756944 0.567187 0.759722 0.558594 0.769444 0.557031 0.802778
0 0.19375 0.997222 0.104688 0.997222 0.079687 0.965278 0.066406 0.938889 0.053906 0.894444 0.050781 0.811111 0.042969 0.791667 0.046094 0.738889 0.053906 0.716667 0.053906 0.705556 0.036719 0.677778 0.039844 0.641667 0.053125 0.615278 0.079687 0.615278 0.09375 0.629167 0.108594 0.666667 0.114062 0.734722 0.129688 0.751389 0.148438 0.756944 0.160938 0.773611 0.20625 0.8125 0.249219 0.872222 0.253125 0.895833 0.263281 0.897222 0.264062 0.920833 0.246875 0.9125 0.250781 0.916667 0.250781 0.930556 0.244531 0.936111 0.240625 0.951389 0.210938 0.993056
0 0.78125 0.959722 0.769531 0.95 0.764062 0.926389 0.748437 0.934722 0.735938 0.923611 0.704688 0.920833 0.692187 0.9125 0.680469 0.888889 0.674219 0.85 0.717187 0.751389 0.775781 0.675 0.785156 0.641667 0.791406 0.561111 0.797656 0.536111 0.820312 0.484722 0.839063 0.470833 0.876563 0.501389 0.897656 0.536111 0.917969 0.586111 0.849219 0.611111 0.850781 0.655556 0.846094 0.658333 0.846094 0.666667 0.850781 0.680556 0.846094 0.688889 0.844531 0.725 0.849219 0.797222 0.817969 0.872222 0.792969 0.913889
0 0.64375 0.581944 0.6375 0.581944 0.635156 0.575 0.642969 0.541667 0.638281 0.488889 0.603125 0.451389 0.58125 0.440278 0.574219 0.427778 0.571094 0.344444 0.566406 0.311111 0.566406 0.244444 0.557813 0.226389 0.550781 0.222222 0.552344 0.2 0.560937 0.179167 0.584375 0.176389 0.590625 0.181944 0.603906 0.213889 0.613281 0.266667 0.651563 0.323611 0.682813 0.356944 0.689063 0.379167 0.717187 0.393056 0.721094 0.411111 0.725 0.409722 0.7375 0.440278 0.750781 0.45 0.752344 0.522222 0.75625 0.526389 0.760156 0.519444 0.758594 0.497222 0.764062 0.4875 0.767969 0.519444 0.766406 0.538889 0.771875 0.543056 0.773438 0.531944 0.779687 0.531944 0.782031 0.541667 0.782031 0.561111 0.773438 0.5625 0.70625 0.526389 0.6625 0.493056 0.657031 0.5 0.657031 0.533333
0 0.273438 0.609722 0.235937 0.579167 0.191406 0.511111 0.183594 0.483333 0.185156 0.477778 0.180469 0.455556 0.191406 0.402778 0.197656 0.294444 0.183594 0.275 0.182031 0.25 0.192188 0.231944 0.209375 0.231944 0.216406 0.244444 0.227344 0.280556 0.236719 0.352778 0.270313 0.390278 0.289844 0.422222 0.280469 0.461111 0.280469 0.475 0.266406 0.494444 0.267188 0.501389 0.2875 0.498611 0.294531 0.516667 0.282031 0.552778 0.267969 0.566667 0.272656 0.569444 0.272656 0.580556 0.277344 0.588889
0 0.435937 0.709722 0.428906 0.702778 0.430469 0.663889 0.425781 0.647222 0.427344 0.636111 0.420312 0.631944 0.419531 0.622222 0.409375 0.606944 0.392188 0.590278 0.382812 0.590278 0.378125 0.579167 0.357031 0.558333 0.353906 0.505556 0.374219 0.436111 0.378906 0.352778 0.36875 0.3375 0.35625 0.331944 0.353906 0.319444 0.373437 0.290278 0.39375 0.284722 0.402344 0.297222 0.407031 0.313889 0.408594 0.358333 0.421094 0.411111 0.449219 0.477778 0.447656 0.516667 0.452344 0.527778 0.452344 0.591667
0 0.74375 0.997222 0.585938 0.997222 0.583594 0.980556 0.591406 0.891667 0.599219 0.872222 0.599219 0.863889 0.591406 0.85 0.592969 0.822222 0.60625 0.806944 0.621875 0.806944 0.633594 0.822222 0.638281 0.838889 0.639844 0.875 0.647656 0.891667 0.642969 0.9 0.646875 0.906944 0.653125 0.909722 0.654687 0.895833 0.657813 0.9125 0.665625 0.904167 0.670312 0.909722 0.675 0.906944 0.678125 0.898611 0.7 0.923611 0.739062 0.929167 0.779687 0.973611 0.789844 0.991667 0.784375 0.997222
0 0.935937 0.4875 0.928125 0.4875 0.922656 0.477778 0.916406 0.441667 0.913281 0.402778 0.916406 0.358333 0.919531 0.341667 0.932031 0.319444 0.941406 0.280556 0.949219 0.266667 0.955469 0.213889 0.955469 0.169444 0.960156 0.144444 0.96875 0.1375 0.982812 0.1375 0.986719 0.144444 0.983594 0.191667 0.985156 0.216667 0.992969 0.263889 0.998437 0.288889 0.998437 0.3 0.997656 0.302778 0.998437 0.316667 0.992969 0.325 0.989844 0.358333 0.991406 0.372222 0.984375 0.381944 0.979688 0.381944 0.976562 0.398611 0.961719 0.397222 0.946094 0.463889 0.939844 0.472222
0 0.309375 0.431944 0.296875 0.431944 0.290625 0.426389 0.278125 0.401389 0.253125 0.370833 0.24375 0.365278 0.236719 0.352778 0.238281 0.338889 0.249219 0.316667 0.253906 0.297222 0.260156 0.255556 0.258594 0.238889 0.261719 0.202778 0.264844 0.191667 0.270313 0.184722 0.284375 0.184722 0.289844 0.191667 0.292969 0.252778 0.303906 0.297222 0.303906 0.338889 0.317969 0.363889 0.319531 0.386111 0.317969 0.402778 0.313281 0.425
0 0.56875 0.4625 0.567969 0.444444 0.558594 0.408333 0.533594 0.361111 0.525781 0.308333 0.524219 0.258333 0.51875 0.243056 0.5 0.243056 0.492969 0.252778 0.491406 0.333333 0.486719 0.361111 0.477344 0.383333 0.471875 0.3875 0.453906 0.363889 0.446094 0.330556 0.442969 0.291667 0.450781 0.247222 0.467969 0.183333 0.467969 0.166667 0.459375 0.156944 0.450781 0.158333 0.458594 0.144444 0.458594 0.127778 0.463281 0.113889 0.470313 0.104167 0.490625 0.104167 0.502344 0.122222 0.510156 0.144444 0.514844 0.205556 0.530469 0.244444 0.546094 0.266667 0.563281 0.322222 0.569531 0.352778 0.571094 0.45
0 0.789062 0.568056 0.785156 0.563889 0.783594 0.516667 0.771094 0.502778 0.755469 0.447222 0.749219 0.372222 0.752344 0.352778 0.749219 0.341667 0.750781 0.3 0.747656 0.277778 0.7375 0.273611 0.729688 0.279167 0.727344 0.275 0.738281 0.258333 0.739844 0.238889 0.754687 0.220833 0.767188 0.220833 0.774219 0.227778 0.791406 0.313889 0.816406 0.338889 0.827344 0.386111 0.8375 0.393056 0.853125 0.415278 0.864062 0.443056 0.88125 0.4625 0.898438 0.470833 0.913281 0.511111 0.913281 0.522222 0.908594 0.533333 0.9 0.5375 0.885938 0.5125 0.854688 0.479167 0.829688 0.481944 0.81875 0.490278 0.811719 0.505556 0.813281 0.511111 0.803906 0.519444
0 0.175 0.354167 0.159375 0.326389 0.148438 0.315278 0.132031 0.283333 0.128906 0.258333 0.132031 0.133333 0.126562 0.118056 0.115625 0.1125 0.114844 0.108333 0.123438 0.084722 0.135937 0.076389 0.153125 0.081944 0.158594 0.091667 0.167969 0.161111 0.183594 0.194444 0.182031 0.280556 0.185156 0.286111 0.186719 0.302778