0 0.16875 0.809722 0.160938 0.809722 0.159375 0.806944 0.14375 0.801389 0.142969 0.794444 0.144531 0.791667 0.144531 0.780556 0.154688 0.765278 0.170313 0.754167 0.176563 0.743056 0.182812 0.7375 0.189062 0.7375 0.19375 0.726389 0.204687 0.715278 0.210938 0.715278 0.2125 0.718056 0.21875 0.718056 0.220312 0.720833 0.221875 0.7125 0.232813 0.698611 0.2375 0.698611 0.241406 0.705556 0.239844 0.727778 0.233594 0.741667 0.233594 0.758333 0.225781 0.777778 0.217188 0.793056 0.210938 0.798611 0.190625 0.801389 0.189062 0.804167 0.182812 0.804167 0.18125 0.806944 0.170313 0.806944
0 0.45625 0.931944 0.4375 0.931944 0.428125 0.923611 0.420312 0.906944 0.410938 0.895833 0.402344 0.880556 0.396094 0.858333 0.400781 0.85 0.400781 0.833333 0.399219 0.830556 0.397656 0.805556 0.400781 0.797222 0.400781 0.775 0.402344 0.772222 0.402344 0.766667 0.40625 0.759722 0.407813 0.7625 0.413281 0.763889 0.414844 0.775 0.425781 0.791667 0.425781 0.797222 0.428125 0.801389 0.432812 0.801389 0.439844 0.811111 0.441406 0.827778 0.444531 0.833333 0.446094 0.844444 0.450781 0.858333 0.450781 0.869444 0.453906 0.880556 0.452344 0.883333 0.453906 0.897222 0.460156 0.911111 0.460156 0.925
0 0.13125 0.659722 0.125 0.659722 0.122656 0.655556 0.122656 0.652778 0.121094 0.65 0.122656 0.647222 0.122656 0.630556 0.121094 0.627778 0.121094 0.625 0.117969 0.619444 0.117969 0.613889 0.119531 0.611111 0.119531 0.605556 0.127344 0.591667 0.127344 0.588889 0.128906 0.586111 0.128906 0.583333 0.129688 0.581944 0.132812 0.581944 0.134375 0.579167 0.148438 0.579167 0.150781 0.583333 0.150781 0.644444 0.148438 0.648611 0.146875 0.648611 0.145313 0.651389 0.142187 0.651389 0.140625 0.654167 0.135937 0.654167
0 0.059375 0.484722 0.053125 0.484722 0.051562 0.481944 0.05 0.481944 0.046094 0.475 0.046094 0.472222 0.044531 0.469444 0.044531 0.466667 0.04375 0.465278 0.042188 0.465278 0.035156 0.452778 0.035156 0.441667 0.036719 0.438889 0.036719 0.433333 0.038281 0.430556 0.038281 0.422222 0.041406 0.416667 0.041406 0.413889 0.04375 0.409722 0.045312 0.409722 0.047656 0.413889 0.047656 0.416667 0.049219 0.419444 0.049219 0.422222 0.050781 0.425 0.050781 0.427778 0.053906 0.433333 0.053906 0.436111 0.055469 0.438889 0.055469 0.444444 0.057031 0.447222 0.057031 0.45 0.057813 0.451389 0.059375 0.451389 0.060937 0.454167 0.0625 0.454167 0.063281 0.455556 0.063281 0.458333 0.064844 0.461111 0.064844 0.463889 0.063281 0.466667 0.063281 0.477778
0 0.084375 0.398611 0.082812 0.395833 0.079687 0.395833 0.077344 0.391667 0.077344 0.352778 0.075781 0.35 0.075781 0.347222 0.077344 0.344444 0.077344 0.338889 0.082812 0.329167 0.084375 0.329167 0.089063 0.3375 0.090625 0.3375 0.09375 0.343056 0.095312 0.343056 0.096875 0.345833 0.098437 0.345833 0.100781 0.35 0.100781 0.372222 0.099219 0.375 0.099219 0.377778 0.097656 0.380556 0.097656 0.388889 0.096094 0.391667 0.096094 0.394444 0.095312 0.395833 0.085938 0.395833
0 0.148438 0.384722 0.145313 0.384722 0.14375 0.381944 0.139063 0.381944 0.136719 0.377778 0.136719 0.375 0.135156 0.372222 0.135156 0.369444 0.133594 0.366667 0.135156 0.363889 0.135156 0.358333 0.136719 0.355556 0.136719 0.35 0.138281 0.347222 0.138281 0.341667 0.139844 0.338889 0.139844 0.336111 0.14375 0.329167 0.145313 0.329167 0.146875 0.331944 0.147656 0.333333 0.147656 0.336111 0.153906 0.347222 0.153906 0.358333 0.155469 0.361111 0.155469 0.369444 0.153906 0.372222 0.153906 0.375
0 0.182812 0.381944 0.176563 0.381944 0.175 0.379167 0.173437 0.379167 0.171875 0.376389 0.170313 0.376389 0.169531 0.375 0.169531 0.372222 0.166406 0.366667 0.166406 0.35 0.167969 0.347222 0.167969 0.344444 0.171875 0.3375 0.175 0.3375 0.176563 0.334722 0.178125 0.334722 0.179688 0.331944 0.18125 0.334722 0.182812 0.334722 0.185156 0.338889 0.185156 0.341667 0.186719 0.344444 0.186719 0.352778 0.188281 0.355556 0.188281 0.366667 0.185156 0.372222 0.185156 0.375 0.183594 0.377778 0.183594 0.380556
0 0.104688 0.523611 0.103125 0.523611 0.099219 0.516667 0.098437 0.5125 0.096875 0.5125 0.092188 0.504167 0.090625 0.504167 0.089063 0.501389 0.088281 0.494444 0.094531 0.477778 0.094531 0.458333 0.097656 0.45 0.097656 0.444444 0.099219 0.441667 0.099219 0.433333 0.100781 0.430556 0.100781 0.425 0.102344 0.422222 0.102344 0.408333 0.10625 0.404167 0.109375 0.404167 0.114844 0.413889 0.114844 0.416667 0.116406 0.419444 0.116406 0.425 0.121094 0.433333 0.121094 0.438889 0.122656 0.441667 0.122656 0.458333 0.121094 0.461111 0.121094 0.469444 0.124219 0.475 0.124219 0.497222 0.120313 0.498611 0.119531 0.502778 0.115625 0.509722 0.1125 0.509722 0.111719 0.513889 0.107813 0.520833 0.10625 0.520833
0 0.015625 0.404167 0.007812 0.404167 0.00625 0.401389 0.004687 0.401389 0.003125 0.398611 0.001563 0.398611 0.000781 0.397222 0.000781 0.352778 0.001563 0.351389 0.015625 0.351389 0.017188 0.348611 0.03125 0.348611 0.032813 0.351389 0.034375 0.351389 0.038281 0.358333 0.038281 0.361111 0.032031 0.372222 0.032031 0.375 0.028906 0.380556 0.028906 0.383333 0.022656 0.394444 0.022656 0.397222 0.021875 0.398611 0.020313 0.398611 0.01875 0.401389 0.017188 0.401389
0 0.1125 0.301389 0.103125 0.301389 0.101562 0.298611 0.09375 0.298611 0.092969 0.297222 0.092969 0.288889 0.094531 0.286111 0.094531 0.283333 0.098437 0.276389 0.1 0.276389 0.103125 0.270833 0.104688 0.270833 0.105469 0.269444 0.105469 0.266667 0.107031 0.263889 0.107031 0.255556 0.107813 0.254167 0.109375 0.254167 0.111719 0.258333 0.111719 0.263889 0.113281 0.266667 0.113281 0.269444 0.116406 0.275 0.116406 0.277778 0.117969 0.280556 0.117969 0.291667
0 0.75625 0.390278 0.752344 0.386111 0.749219 0.363889 0.745313 0.354167 0.725 0.351389 0.722656 0.347222 0.722656 0.330556 0.721094 0.325 0.711719 0.308333 0.710156 0.297222 0.704688 0.290278 0.702344 0.283333 0.70625 0.276389 0.717187 0.273611 0.721094 0.266667 0.721094 0.255556 0.725 0.248611 0.729688 0.254167 0.732812 0.251389 0.735156 0.258333 0.7375 0.259722 0.754687 0.2375 0.760938 0.223611 0.764062 0.223611 0.765625 0.220833 0.779687 0.223611 0.782813 0.220833 0.784375 0.215278 0.7875 0.215278 0.791406 0.225 0.789844 0.247222 0.786719 0.255556 0.786719 0.261111 0.782031 0.272222 0.782031 0.277778 0.777344 0.283333 0.775781 0.297222 0.771875 0.301389 0.766406 0.313889 0.772656 0.336111 0.772656 0.352778 0.771094 0.358333 0.764844 0.366667 0.761719 0.377778 0.761719 0.383333
0 0.878125 0.270833 0.86875 0.270833 0.867969 0.269444 0.867969 0.266667 0.866406 0.263889 0.866406 0.255556 0.871094 0.247222 0.871094 0.244444 0.876563 0.234722 0.878906 0.238889 0.878906 0.241667 0.880469 0.244444 0.880469 0.247222 0.882031 0.25 0.882031 0.252778 0.883594 0.255556 0.883594 0.263889 0.88125 0.268056 0.879687 0.268056
0 0.804688 0.401389 0.798438 0.401389 0.796094 0.397222 0.796094 0.394444 0.792969 0.388889 0.792969 0.386111 0.791406 0.383333 0.791406 0.363889 0.792969 0.361111 0.792969 0.358333 0.794531 0.355556 0.794531 0.347222 0.798438 0.340278 0.8 0.340278 0.800781 0.341667 0.800781 0.344444 0.802344 0.347222 0.802344 0.35 0.803906 0.352778 0.803906 0.361111 0.807031 0.366667 0.807031 0.369444 0.811719 0.377778 0.811719 0.383333 0.813281 0.386111 0.813281 0.394444 0.8125 0.395833 0.810937 0.395833 0.809375 0.398611 0.80625 0.398611
0 0.909375 0.1875 0.907813 0.1875 0.90625 0.184722 0.904687 0.184722 0.900781 0.177778 0.900781 0.158333 0.902344 0.155556 0.902344 0.15 0.903906 0.147222 0.903906 0.144444 0.904687 0.143056 0.90625 0.143056 0.908594 0.147222 0.908594 0.15 0.913281 0.158333 0.913281 0.183333 0.9125 0.184722 0.910937 0.184722
0 0.945312 0.1875 0.940625 0.1875 0.935156 0.177778 0.935156 0.166667 0.936719 0.163889 0.936719 0.155556 0.938281 0.152778 0.938281 0.15 0.939844 0.147222 0.939844 0.144444 0.940625 0.143056 0.94375 0.143056 0.944531 0.144444 0.944531 0.147222 0.946094 0.15 0.946094 0.161111 0.947656 0.163889 0.947656 0.166667 0.950781 0.172222 0.950781 0.175 0.947656 0.180556 0.947656 0.183333
0 0.540625 0.223611 0.53125 0.223611 0.528906 0.219444 0.528906 0.208333 0.530469 0.205556 0.530469 0.202778 0.53125 0.201389 0.532813 0.201389 0.538281 0.191667 0.538281 0.188889 0.542188 0.181944 0.544531 0.186111 0.544531 0.188889 0.546094 0.191667 0.546094 0.219444 0.545312 0.220833 0.542188 0.220833
0 0.279687 0.356944 0.271875 0.356944 0.269531 0.352778 0.269531 0.338889 0.267969 0.336111 0.267969 0.327778 0.269531 0.325 0.269531 0.322222 0.270313 0.320833 0.271875 0.320833 0.275 0.315278 0.278125 0.315278 0.28125 0.320833 0.282813 0.320833 0.286719 0.327778 0.286719 0.338889 0.285156 0.341667 0.285156 0.344444 0.283594 0.347222 0.283594 0.352778 0.282813 0.354167 0.28125 0.354167
0 0.348438 0.306944 0.345313 0.306944 0.342969 0.302778 0.342969 0.3 0.341406 0.297222 0.341406 0.283333 0.344531 0.277778 0.344531 0.275 0.346875 0.270833 0.35 0.270833 0.351562 0.273611 0.353125 0.273611 0.357031 0.280556 0.357031 0.286111 0.358594 0.288889 0.357031 0.291667 0.357031 0.297222 0.35625 0.298611 0.354687 0.298611 0.351562 0.304167 0.35 0.304167
0 0.367188 0.406944 0.365625 0.406944 0.363281 0.402778 0.363281 0.397222 0.361719 0.394444 0.361719 0.391667 0.359375 0.3875 0.357812 0.3875 0.357031 0.386111 0.357031 0.383333 0.355469 0.380556 0.355469 0.366667 0.360156 0.358333 0.360156 0.352778 0.361719 0.35 0.361719 0.341667 0.364063 0.3375 0.365625 0.3375 0.366406 0.338889 0.366406 0.341667 0.367969 0.344444 0.367969 0.347222 0.369531 0.35 0.369531 0.352778 0.374219 0.361111 0.374219 0.366667 0.375781 0.369444 0.375781 0.397222 0.377344 0.4 0.375 0.404167 0.36875 0.404167
0 0.190625 0.579167 0.176563 0.579167 0.174219 0.575 0.174219 0.561111 0.175781 0.558333 0.175781 0.552778 0.177344 0.55 0.177344 0.516667 0.18125 0.506944 0.182812 0.506944 0.184375 0.504167 0.189062 0.504167 0.19375 0.495833 0.195312 0.495833 0.198437 0.490278 0.2 0.490278 0.201563 0.4875 0.209375 0.4875 0.210938 0.484722 0.2125 0.484722 0.215625 0.479167 0.217188 0.479167 0.219531 0.483333 0.219531 0.491667 0.221094 0.494444 0.221094 0.505556 0.219531 0.508333 0.219531 0.516667 0.217969 0.519444 0.217969 0.533333 0.215625 0.5375 0.210938 0.5375 0.209375 0.540278 0.207813 0.540278 0.207031 0.541667 0.207031 0.547222 0.205469 0.55 0.205469 0.561111 0.203125 0.565278 0.201563 0.565278 0.2 0.568056 0.198437 0.568056 0.195312 0.573611 0.19375 0.573611
0 0.257812 0.698611 0.253125 0.698611 0.247656 0.686111 0.247656 0.677778 0.2375 0.6625 0.229687 0.665278 0.225 0.673611 0.223438 0.670833 0.21875 0.673611 0.202344 0.672222 0.202344 0.658333 0.205469 0.65 0.203906 0.644444 0.20625 0.640278 0.234375 0.640278 0.236719 0.644444 0.235156 0.652778 0.238281 0.652778 0.239844 0.638889 0.238281 0.616667 0.232813 0.601389 0.224219 0.591667 0.225 0.570833 0.232813 0.581944 0.2375 0.576389 0.242188 0.579167 0.248438 0.576389 0.285938 0.576389 0.3 0.581944 0.304688 0.579167 0.30625 0.581944 0.325 0.584722 0.330469 0.591667 0.328906 0.627778 0.327344 0.641667 0.325 0.645833 0.290625 0.643056 0.286719 0.65 0.288281 0.658333 0.285156 0.663889 0.289062 0.673611 0.284375 0.670833 0.279687 0.679167 0.275 0.679167 0.270313 0.684722 0.264062 0.695833
0 0.553125 0.754167 0.551562 0.751389 0.54375 0.754167 0.536719 0.738889 0.535156 0.730556 0.532031 0.727778 0.532031 0.722222 0.527344 0.708333 0.527344 0.7 0.532031 0.688889 0.5375 0.679167 0.542188 0.676389 0.548438 0.676389 0.565625 0.690278 0.576562 0.676389 0.584375 0.676389 0.592187 0.670833 0.601562 0.673611 0.604688 0.668056 0.614062 0.668056 0.617188 0.665278 0.625781 0.677778 0.625781 0.683333 0.632031 0.7 0.621094 0.722222 0.629687 0.723611 0.63125 0.720833 0.635938 0.720833 0.638281 0.727778 0.635938 0.7375 0.632812 0.734722 0.623437 0.734722 0.620313 0.726389 0.601562 0.729167 0.595313 0.723611 0.592187 0.729167 0.571875 0.729167 0.5625 0.745833 0.557813 0.745833
0 0.064062 0.234722 0.060937 0.234722 0.059375 0.231944 0.05625 0.231944 0.054688 0.229167 0.053125 0.229167 0.052344 0.227778 0.052344 0.213889 0.054688 0.209722 0.05625 0.209722 0.058594 0.205556 0.058594 0.202778 0.060156 0.2 0.060156 0.194444 0.060937 0.193056 0.064062 0.193056 0.066406 0.197222 0.066406 0.2 0.067969 0.202778 0.067969 0.205556 0.069531 0.208333 0.069531 0.211111 0.071094 0.213889 0.071094 0.225 0.06875 0.229167 0.067187 0.229167
0 0.184375 0.270833 0.178125 0.270833 0.175781 0.266667 0.175781 0.25 0.182812 0.2375 0.184375 0.2375 0.185938 0.240278 0.1875 0.240278 0.188281 0.241667 0.188281 0.244444 0.191406 0.25 0.191406 0.252778 0.192969 0.255556 0.191406 0.258333 0.191406 0.266667 0.190625 0.268056 0.185938 0.268056
0 0.117188 0.226389 0.107813 0.226389 0.105469 0.222222 0.105469 0.211111 0.107031 0.208333 0.107031 0.205556 0.110937 0.198611 0.1125 0.198611 0.117969 0.208333 0.117969 0.211111 0.119531 0.213889 0.119531 0.222222
0 0.023438 0.273611 0.001563 0.273611 0.000781 0.272222 0.000781 0.261111 0.001563 0.259722 0.003125 0.259722 0.004687 0.256944 0.010937 0.256944 0.0125 0.254167 0.015625 0.254167 0.017188 0.251389 0.01875 0.251389 0.019531 0.25 0.019531 0.247222 0.022656 0.241667 0.022656 0.238889 0.025 0.234722 0.03125 0.234722 0.033594 0.238889 0.033594 0.247222 0.035156 0.25 0.035156 0.261111 0.029687 0.270833 0.025 0.270833
0 0.19375 0.495833 0.189844 0.494444 0.188281 0.488889 0.188281 0.480556 0.186719 0.477778 0.186719 0.472222 0.182812 0.470833 0.176563 0.459722 0.174219 0.458333 0.171094 0.447222 0.171094 0.441667 0.166406 0.430556 0.166406 0.422222 0.171094 0.413889 0.171094 0.408333 0.178125 0.398611 0.179688 0.401389 0.185938 0.401389 0.1875 0.404167 0.192188 0.404167 0.19375 0.406944 0.2 0.406944 0.203125 0.401389 0.209375 0.401389 0.214062 0.390278 0.226562 0.390278 0.227344 0.4 0.232031 0.408333 0.232031 0.416667 0.233594 0.419444 0.233594 0.425 0.238281 0.438889 0.238281 0.447222 0.236719 0.45 0.236719 0.455556 0.233594 0.461111 0.232813 0.465278 0.229687 0.465278 0.226562 0.470833 0.223438 0.470833 0.221875 0.468056 0.215625 0.473611 0.211719 0.480556 0.210938 0.484722 0.203125 0.484722 0.201563 0.4875 0.198437 0.4875 0.195312 0.490278
0 0.490625 0.3625 0.482812 0.3625 0.482031 0.361111 0.482031 0.358333 0.478906 0.352778 0.478906 0.35 0.477344 0.347222 0.477344 0.341667 0.475781 0.338889 0.482031 0.327778 0.482031 0.325 0.483594 0.322222 0.483594 0.319444 0.485156 0.316667 0.485156 0.313889 0.486719 0.311111 0.486719 0.308333 0.488281 0.305556 0.488281 0.302778 0.490625 0.298611 0.49375 0.298611 0.494531 0.3 0.494531 0.302778 0.496094 0.305556 0.496094 0.311111 0.497656 0.313889 0.497656 0.316667 0.499219 0.319444 0.499219 0.330556 0.500781 0.333333 0.500781 0.344444 0.499219 0.347222 0.499219 0.35 0.496875 0.354167 0.495312 0.354167
0 0.4125 0.595833 0.410938 0.593056 0.407813 0.593056 0.403906 0.586111 0.403906 0.583333 0.400781 0.577778 0.400781 0.575 0.399219 0.572222 0.399219 0.563889 0.397656 0.561111 0.399219 0.558333 0.399219 0.544444 0.40625 0.531944 0.410938 0.531944 0.4125 0.529167 0.414062 0.529167 0.415625 0.531944 0.41875 0.531944 0.421875 0.5375 0.423438 0.5375 0.424219 0.538889 0.424219 0.55 0.425781 0.552778 0.425781 0.569444 0.427344 0.572222 0.427344 0.575 0.425781 0.577778 0.425781 0.583333 0.420312 0.593056 0.414062 0.593056
0 0.584375 0.273611 0.578125 0.273611 0.575781 0.269444 0.575781 0.241667 0.577344 0.238889 0.577344 0.236111 0.578906 0.233333 0.578906 0.227778 0.58125 0.223611 0.582812 0.223611 0.585156 0.227778 0.585156 0.236111 0.586719 0.238889 0.586719 0.244444 0.588281 0.247222 0.588281 0.266667
0 0.71875 0.9625 0.701562 0.9625 0.685937 0.951389 0.675781 0.922222 0.678906 0.911111 0.672656 0.894444 0.674219 0.886111 0.671094 0.877778 0.675781 0.875 0.675781 0.863889 0.678125 0.859722 0.6875 0.856944 0.675 0.856944 0.671875 0.870833 0.648438 0.884722 0.647656 0.894444 0.64375 0.895833 0.639062 0.909722 0.629687 0.906944 0.622656 0.897222 0.621094 0.883333 0.614844 0.866667 0.613281 0.847222 0.607812 0.845833 0.605469 0.838889 0.607031 0.822222 0.610938 0.829167 0.614844 0.813889 0.613281 0.8 0.602344 0.788889 0.602344 0.769444 0.599219 0.761111 0.6 0.729167 0.6125 0.731944 0.61875 0.726389 0.623437 0.715278 0.628125 0.720833 0.639062 0.715278 0.654687 0.715278 0.657031 0.727778 0.654687 0.731944 0.651563 0.726389 0.64375 0.729167 0.642188 0.748611 0.679688 0.745833 0.683594 0.761111 0.690625 0.768056 0.7 0.768056 0.710156 0.752778 0.7125 0.743056 0.721875 0.745833 0.727344 0.761111 0.725781 0.783333 0.729688 0.793056 0.7375 0.790278 0.748437 0.801389 0.754687 0.798611 0.757031 0.802778 0.760938 0.823611 0.725 0.829167 0.720313 0.843056 0.7125 0.843056 0.710156 0.847222 0.721875 0.859722 0.732031 0.877778 0.733594 0.891667 0.725781 0.902778 0.725781 0.930556 0.722656 0.941667 0.724219 0.95